#        q              gamma(q)       

0.0000000000     0.0010222427 
0.0040000000     0.0072506827 
0.0080000000     0.0130740946 
0.0120000000     0.0187144206 
0.0160000000     0.0242321814 
0.0200000000     0.0296707728 
0.0240000000     0.0350592480 
0.0280000000     0.0404168603 
0.0320000000     0.0457560304 
0.0360000000     0.0510842617 
0.0400000000     0.0564058654 
0.0440000000     0.0617230407 
0.0480000000     0.0670365598 
0.0520000000     0.0723463160 
0.0560000000     0.0776517571 
0.0600000000     0.0829521141 
0.0640000000     0.0882465171 
0.0680000000     0.0935341583 
0.0720000000     0.0988142889 
0.0760000000     0.1040862898 
0.0800000000     0.1093496444 
0.0840000000     0.1146039624 
0.0880000000     0.1198489554 
0.0920000000     0.1250844163 
0.0960000000     0.1303102257 
0.1000000000     0.1355263220 
0.1040000000     0.1407326970 
0.1080000000     0.1459293826 
0.1120000000     0.1511164437 
0.1160000000     0.1562939639 
0.1200000000     0.1614620518 
0.1240000000     0.1666208310 
0.1280000000     0.1717704323 
0.1320000000     0.1769109997 
0.1360000000     0.1820426843 
0.1400000000     0.1871656437 
0.1440000000     0.1922800444 
0.1480000000     0.1973860568 
0.1520000000     0.2024838585 
0.1560000000     0.2075736338 
0.1600000000     0.2126555747 
0.1640000000     0.2177298784 
0.1680000000     0.2227967506 
0.1720000000     0.2278564039 
0.1760000000     0.2329090573 
0.1800000000     0.2379549390 
0.1840000000     0.2429942823 
0.1880000000     0.2480273297 
0.1920000000     0.2530543296 
0.1960000000     0.2580755383 
0.2000000000     0.2630912183 
0.2040000000     0.2681016394 
0.2080000000     0.2731070776 
0.2120000000     0.2781078161 
0.2160000000     0.2831041439 
0.2200000000     0.2880963561 
0.2240000000     0.2930847537 
0.2280000000     0.2980696438 
0.2320000000     0.3030513389 
0.2360000000     0.3080301570 
0.2400000000     0.3130064214 
0.2440000000     0.3179804611 
0.2480000000     0.3229526100 
0.2520000000     0.3279232076 
0.2560000000     0.3328925978 
0.2600000000     0.3378611300 
0.2640000000     0.3428291591 
0.2680000000     0.3477970441 
0.2720000000     0.3527651497 
0.2760000000     0.3577338451 
0.2800000000     0.3627035050 
0.2840000000     0.3676745092 
0.2880000000     0.3726472421 
0.2920000000     0.3776220942 
0.2960000000     0.3825994601 
0.3000000000     0.3875797407 
0.3040000000     0.3925633418 
0.3080000000     0.3975506745 
0.3120000000     0.4025421560 
0.3160000000     0.4075382088 
0.3200000000     0.4125392612 
0.3240000000     0.4175457472 
0.3280000000     0.4225581074 
0.3320000000     0.4275767878 
0.3360000000     0.4326022411 
0.3400000000     0.4376349264 
0.3440000000     0.4426753094 
0.3480000000     0.4477238622 
0.3520000000     0.4527810643 
0.3560000000     0.4578474017 
0.3600000000     0.4629233684 
0.3640000000     0.4680094652 
0.3680000000     0.4731062011 
0.3720000000     0.4782140925 
0.3760000000     0.4833336644 
0.3800000000     0.4884654498 
0.3840000000     0.4936099906 
0.3880000000     0.4987678372 
0.3920000000     0.5039395495 
0.3960000000     0.5091256967 
0.4000000000     0.5143268576 
0.4040000000     0.5195436210 
0.4080000000     0.5247765861 
0.4120000000     0.5300263630 
0.4160000000     0.5352935723 
0.4200000000     0.5405788464 
0.4240000000     0.5458828291 
0.4280000000     0.5512061765 
0.4320000000     0.5565495573 
0.4360000000     0.5619136530 
0.4400000000     0.5672991586 
0.4440000000     0.5727067827 
0.4480000000     0.5781372486 
0.4520000000     0.5835912940 
0.4560000000     0.5890696724 
0.4600000000     0.5945731528 
0.4640000000     0.6001025207 
0.4680000000     0.6056585786 
0.4720000000     0.6112421469 
0.4760000000     0.6168540638 
0.4800000000     0.6224951868 
0.4840000000     0.6281663927 
0.4880000000     0.6338685788 
0.4920000000     0.6396026635 
0.4960000000     0.6453695870 
0.5000000000     0.6511703122 
0.5040000000     0.6570058254 
0.5080000000     0.6628771375 
0.5120000000     0.6687852847 
0.5160000000     0.6747313296 
0.5200000000     0.6807163619 
0.5240000000     0.6867415000 
0.5280000000     0.6928078918 
0.5320000000     0.6989167157 
0.5360000000     0.7050691823 
0.5400000000     0.7112665352 
0.5440000000     0.7175100527 
0.5480000000     0.7238010490 
0.5520000000     0.7301408758 
0.5560000000     0.7365309236 
0.5600000000     0.7429726238 
0.5640000000     0.7494674501 
0.5680000000     0.7560169202 
0.5720000000     0.7626225980 
0.5760000000     0.7692860951 
0.5800000000     0.7760090736 
0.5840000000     0.7827932478 
0.5880000000     0.7896403867 
0.5920000000     0.7965523161 
0.5960000000     0.8035309217 
0.6000000000     0.8105781517 
0.6040000000     0.8176960196 
0.6080000000     0.8248866069 
0.6120000000     0.8321520669 
0.6160000000     0.8394946279 
0.6200000000     0.8469165966 
0.6240000000     0.8544203621 
0.6280000000     0.8620083998 
0.6320000000     0.8696832762 
0.6360000000     0.8774476523 
0.6400000000     0.8853042898 
0.6440000000     0.8932560552 
0.6480000000     0.9013059258 
0.6520000000     0.9094569951 
0.6560000000     0.9177124792 
0.6600000000     0.9260757234 
0.6640000000     0.9345502089 
0.6680000000     0.9431395605 
0.6720000000     0.9518475543 
0.6760000000     0.9606781262 
0.6800000000     0.9696353811 
0.6840000000     0.9787236021 
0.6880000000     0.9879472617 
0.6920000000     0.9973110311 
0.6960000000     1.0068197940 
0.7000000000     1.0164786576 
0.7040000000     1.0262929670 
0.7080000000     1.0362683194 
0.7120000000     1.0464105795 
0.7160000000     1.0567258965 
0.7200000000     1.0672207222 
0.7240000000     1.0779018301 
0.7280000000     1.0887763368 
0.7320000000     1.0998517244 
0.7360000000     1.1111358655 
0.7400000000     1.1226370497 
0.7440000000     1.1343640128 
0.7480000000     1.1463259690 
0.7520000000     1.1585326450 
0.7560000000     1.1709943188 
0.7600000000     1.1837218612 
0.7640000000     1.1967267818 
0.7680000000     1.2100212802 
0.7720000000     1.2236183013 
0.7760000000     1.2375315984 
0.7800000000     1.2517758008 
0.7840000000     1.2663664907 
0.7880000000     1.2813202871 
0.7920000000     1.2966549399 
0.7960000000     1.3123894334 
0.8000000000     1.3285441014 
0.8040000000     1.3451407554 
0.8080000000     1.3622028252 
0.8120000000     1.3797555155 
0.8160000000     1.3978259786 
0.8200000000     1.4164435042 
0.8240000000     1.4356397304 
0.8280000000     1.4554488750 
0.8320000000     1.4759079925 
0.8360000000     1.4970572564 
0.8400000000     1.5189402768 
0.8440000000     1.5416044521 
0.8480000000     1.5651013706 
0.8520000000     1.5894872674 
0.8560000000     1.6148235569 
0.8600000000     1.6411774607 
0.8640000000     1.6686227637 
0.8680000000     1.6972407373 
0.8720000000     1.7271212881 
0.8760000000     1.7583644004 
0.8800000000     1.7910819668 
0.8840000000     1.8254001221 
0.8880000000     1.8614622187 
0.8920000000     1.8994326074 
0.8960000000     1.9395014045 
0.9000000000     1.9818904332 
0.9040000000     2.0268605045 
0.9080000000     2.0747201523 
0.9120000000     2.1258358143 
0.9160000000     2.1806432504 
0.9200000000     2.2396596831 
0.9240000000     2.3034957108 
0.9280000000     2.3728655258 
0.9320000000     2.4485934828 
0.9360000000     2.5316149436 
0.9400000000     2.6229703410 
0.9440000000     2.7237951550 
0.9480000000     2.8353182312 
0.9520000000     2.9589028491 
0.9560000000     3.0962111946 
0.9600000000     3.2496658799 
0.9640000000     3.4235633462 
0.9680000000     3.6265374464 
0.9720000000     3.8766985495 
0.9760000000     4.2118269722 
0.9800000000     4.7083291167 
0.9840000000     5.5118666146 
0.9880000000     6.8637349396 
0.9920000000     8.9655330940 
0.9960000000     11.3289792223 
